116.44171,39.99331,116.45894,39.98735
116.45096,39.98965,116.44178,39.99326
116.46521,39.9982,116.41088,39.97565
116.4417,39.99332,116.46183,39.98389
116.44189,39.99359,116.46235,39.98435
116.43481,39.98694,116.47244,40.0034
116.44864,39.98667,116.44171,39.99331
116.46372,40.00385,116.40762,39.96788
116.44195,39.99354,116.45067,39.98552
116.44269,39.99419,116.45661,39.99327
116.45433,39.98805,116.44116,39.99251
116.45067,39.98552,116.4417,39.99323
116.46109,40.0037,116.42674,39.9723
116.44186,39.99369,116.45112,39.99132
116.44702,39.99222,116.45562,39.99576
116.44172,39.99331,116.46764,39.98129
116.44181,39.99347,116.45494,39.99572
116.45915,39.9962,116.42826,39.97077
116.44618,39.98152,116.46101,40.01178
116.44911,39.99114,116.45014,39.98117
116.46651,39.99652,116.41887,39.97326
116.44177,39.99345,116.46399,39.9973
116.365,39.96627,116.60945,40.05254
116.47001,39.99687,116.39163,39.98541
116.45995,39.99593,116.41088,39.98596
116.4542,39.99879,116.43116,39.98844
116.45367,39.98999,116.4235,39.98745
116.45349,39.98395,116.44177,39.99337
116.4412,39.99254,116.45008,39.97889
116.44142,39.99296,116.44681,39.99347
116.45494,39.99572,116.44161,39.99313
116.47897,39.98974,116.39823,39.9887
116.44188,39.99351,116.44618,39.99466
116.4753,39.98743,116.40058,39.98601
116.45114,39.99463,116.45124,39.9945
116.46304,39.98473,116.41775,39.9882
116.44688,39.99453,116.46268,39.99194
116.44533,40.00105,116.43594,39.96957
116.46199,39.99393,116.40762,39.99744
116.45072,39.98654,116.45137,39.98764
116.44178,39.99326,116.44304,39.98299
116.45909,39.99992,116.40998,39.98191
116.44618,39.99466,116.45677,39.9993
116.45694,39.99948,116.41194,39.97402
116.46514,39.9982,116.42803,39.97133
116.44285,39.99418,116.44285,39.99417
116.44304,39.98299,116.47234,40.0126
116.46541,39.99751,116.39543,39.97368
116.45844,39.99019,116.44269,39.99419
116.44249,39.994,116.47476,39.98425
116.43114,39.98879,116.48962,40.01034
116.44168,39.99325,116.47617,39.98321
116.37308,39.95469,116.58,40.05802
116.45377,39.99573,116.44692,39.99449
116.44263,39.99407,116.44177,39.99327
116.44389,39.9829,116.45686,39.99011
116.43878,39.98489,116.45598,39.98824
116.44238,39.99398,116.4412,39.99254
116.3724,39.9488,116.58189,40.06697
116.44163,39.99307,116.44249,39.994
116.45688,39.99264,116.41146,39.98264
116.44178,39.99313,116.44177,39.99315
116.44135,39.9717,116.46089,40.01167
116.44212,39.99389,116.4418,39.99336
116.44183,39.99346,116.442,39.99366
116.44177,39.99315,116.44162,39.99303
116.44188,39.99354,116.44189,39.99359
116.44181,39.9934,116.44186,39.99348
116.44183,39.9934,116.44168,39.99318
116.44162,39.99303,116.44195,39.99354
116.45658,39.99216,116.41115,39.98581
116.44186,39.99348,116.44161,39.99314
116.44186,39.99357,116.44186,39.99359
116.4418,39.99336,116.44153,39.99296
116.44168,39.99316,116.44169,39.99317
116.44167,39.99314,116.44169,39.99317
116.44175,39.99343,116.44177,39.99345
116.44166,39.99311,116.44145,39.99283
116.45945,39.97661,116.44206,40.01707
116.44157,39.99304,116.44168,39.99325
116.44169,39.99317,116.44128,39.99255
116.44153,39.99296,116.44163,39.99307
116.44161,39.99313,116.44157,39.99304
116.44161,39.99314,116.44162,39.99317
116.4412,39.9924,116.4417,39.99332
116.45663,40.00748,116.44848,39.95758
116.44169,39.99317,116.44533,40.00105
116.41542,39.98896,116.49185,39.99491
116.46955,39.99731,116.4227,39.97298
116.45562,39.99576,116.44685,39.9945
116.45307,39.98772,116.45649,39.99929
116.44793,39.98027,116.44137,39.99285
116.45034,39.98191,116.43102,39.99188
116.44128,39.99255,116.48023,39.99225
116.44338,39.98552,116.44334,39.98552
116.44334,39.98552,116.44627,39.98341
116.46151,39.99992,116.42612,39.95313
116.443,39.98547,116.443,39.98546
116.41823,39.97858,116.48703,40.00476
116.44152,39.98691,116.4481,39.98015
116.45673,39.99369,116.44913,39.99606
116.45392,39.99959,116.4509,39.9897
116.45456,39.9882,116.45431,39.98809
116.4418,39.99334,116.4804,39.99434
116.44425,39.98432,116.44426,39.98401
116.45247,39.99564,116.4559,39.99574
116.44913,39.99606,116.46627,39.9878
116.44536,39.98365,116.44507,39.98368
116.44627,39.98341,116.44488,39.98371
116.45675,39.99252,116.45123,39.99543
116.44509,39.98365,116.44536,39.98365
116.44632,39.98335,116.44488,39.98371
116.44488,39.98371,116.44632,39.98335
116.44357,39.98269,116.45606,39.98446
116.45294,39.99732,116.45827,39.98788
116.47647,39.96878,116.41205,40.0273
116.42809,39.97097,116.51033,40.03015
116.45127,39.99562,116.45937,39.99627
116.44687,39.97742,116.45699,39.99585
116.46268,39.99194,116.42896,39.96842
116.43047,39.99224,116.46023,40.00023
116.37452,39.96956,116.60821,40.05359
116.45917,39.98723,116.44425,39.98432
116.46818,40.0235,116.38771,39.94286
116.47536,39.98426,116.40527,39.98358
116.44681,39.97684,116.45742,39.99582
116.44479,39.99445,116.47241,40.00053
116.45064,39.98143,116.45456,39.9882
116.52473,40.01925,116.31587,39.92215
116.4446,39.98386,116.43106,39.9917
116.46349,39.99159,116.44181,39.99347
116.4481,39.98015,116.44174,39.98688
116.46053,39.99589,116.44589,39.99194
116.45667,39.99018,116.45575,39.99485
116.45519,39.99578,116.45834,39.98765
116.45827,39.98788,116.45306,39.99614
116.45322,39.99734,116.4542,39.99879
116.49736,39.98683,116.34395,39.97273
116.45575,39.99485,116.45595,39.99473
116.46155,40.00908,116.40155,39.97578
116.45834,39.98765,116.45322,39.99734
116.45598,39.98824,116.45671,39.98862
116.45669,39.99127,116.45681,39.99152
116.45671,39.98862,116.45598,39.98824
116.45113,39.99023,116.4165,40.00778
116.45672,39.98473,116.45686,39.99952
116.45185,40.00619,116.46046,39.97892
116.44861,39.9791,116.45245,39.98764
116.45664,39.99229,116.45675,39.99578
116.45686,39.98875,116.45667,39.99018
116.47607,40.00044,116.40419,39.99748
116.45675,39.99155,116.45726,39.99586
116.46546,39.98179,116.43383,40.02804
116.45396,39.99583,116.41113,39.9985
116.44696,39.99533,116.46378,40.00729
116.41085,39.99318,116.51433,40.01516
116.45674,39.98494,116.41458,39.97826
116.45656,39.99471,116.45642,39.9947
116.45655,39.99477,116.45656,39.99471
116.44972,40.00085,116.45915,39.9962
116.45754,39.98536,116.45683,39.99995
116.43059,39.98753,116.47244,39.97005
116.43312,40.03065,116.45464,39.89176
116.45144,40.0002,116.45158,40.00014
116.45327,39.99629,116.46198,39.99527
116.44852,39.98116,116.44856,39.9812
116.46787,40.0006,116.43109,39.98967
116.50802,40.01083,116.30441,39.93077
116.45338,39.98426,116.46181,39.98913
116.4506,39.98143,116.45063,39.98143
116.45123,39.99543,116.46682,39.96784
116.45905,39.98727,116.45367,39.98999
116.45163,39.98332,116.45126,39.97857
116.45802,39.98776,116.41881,39.96779
116.35529,39.95136,116.60898,40.04979
116.45642,39.9947,116.45654,39.99947
116.45678,39.98978,116.4593,39.98676
116.44204,39.99385,116.43658,39.96342
116.4482,40.00949,116.44332,39.98547
116.47459,39.97595,116.40825,39.99384
116.46144,40.00118,116.44172,39.99331
116.42744,39.99469,116.46142,40.00156
116.44944,39.98065,116.45849,39.98403
116.48311,39.98684,116.40374,39.98368
116.43125,39.97358,116.45677,40.00453
116.43456,40.00697,116.44955,39.98062
116.45074,39.99587,116.46124,40.00634
116.45725,39.99548,116.45721,39.99546
116.45921,39.97671,116.40127,39.99737
116.44145,39.99283,116.42802,39.98216
116.45752,39.98732,116.45761,39.98734
116.4575,39.98725,116.45761,39.98734
116.45761,39.98734,116.45752,39.98732
116.45755,39.98729,116.45761,39.98734
116.42862,39.97113,116.51663,40.0234
116.45761,39.98734,116.4575,39.98725
116.44864,39.9791,116.45674,39.98494
116.45761,39.98734,116.45755,39.98729
116.4523,39.95786,116.4059,40.05286
116.44019,39.99143,116.46488,40.02273
116.4491,39.97997,116.44852,39.98116
116.45721,39.99546,116.45772,39.99568
116.45928,39.99613,116.44972,40.00085
116.46234,40.0003,116.4279,39.94177
116.45653,39.99782,116.45662,39.99555
116.45742,39.99582,116.45725,39.99548
116.46009,39.97708,116.43059,39.98753
116.45435,39.9996,116.45434,39.99959
116.42891,39.99233,116.45298,39.99743
116.37568,39.93204,116.58577,40.07669
116.45761,39.98734,116.4585,39.98779
116.45776,39.97866,116.40253,39.99368
116.46189,40.01028,116.40468,39.92262
116.45808,39.98769,116.4581,39.98768
116.47791,39.97494,116.40773,39.99746
116.41277,39.95778,116.54976,40.06422
116.45659,40.00576,116.44446,39.93173
116.45834,39.99575,116.45844,39.99019
116.4585,39.98779,116.45761,39.98734
116.46065,40.01018,116.40383,39.98186
116.45972,39.98715,116.43911,39.96927
116.43463,39.98558,116.44743,39.98015
116.45761,39.98734,116.45924,39.98689
116.45673,39.99246,116.463,39.98469
116.51362,40.00699,116.28225,39.96804
116.44426,39.98401,116.48798,40.00156
116.4492,39.99573,116.462,39.9525
116.45798,39.98776,116.45931,39.98731
116.46161,39.98934,116.43596,39.96443
116.45434,39.99959,116.39903,39.97393
116.4632,39.9795,116.44479,39.99445
116.4414,39.99295,116.43106,39.96751
116.45893,39.97693,116.40122,39.99342
116.44927,39.97941,116.44879,39.97977
116.45931,39.98731,116.45658,40.01158
116.45843,39.98772,116.45917,39.98723
116.49635,39.99995,116.31537,39.96598
116.45658,39.99934,116.44411,40.00665
116.45894,39.98735,116.4582,39.98772
116.44435,39.97435,116.46309,39.9904
116.4247,39.98573,116.46241,40.0198
116.37357,39.96445,116.58662,40.07888
116.45924,39.98689,116.45761,39.98734
116.45881,39.98366,116.44844,39.97886
116.46426,39.99129,116.44818,39.97924
116.45677,39.9993,116.39568,39.98859
116.44834,39.97908,116.44833,39.97907
116.4582,39.98772,116.46047,39.98651
116.46183,39.9891,116.45338,39.98426
116.46474,39.97708,116.39342,39.98869
116.45653,39.99905,116.4564,39.99952
116.44173,39.9933,116.49345,39.97503
116.45862,39.97997,116.4298,39.97725
116.46171,39.99673,116.44864,39.95857
116.44493,39.98228,116.43166,40.03855
116.45401,39.99736,116.46169,40.00292
116.4593,39.98676,116.45754,39.98536
116.4515,39.99986,116.45436,40.00716
116.36492,39.95612,116.62257,40.02565
116.45369,39.99573,116.4681,39.99819
116.47546,39.96999,116.41084,40.00175
116.45113,39.98903,116.47703,39.99099
116.4412,39.99468,116.42416,39.99324
116.45909,39.97683,116.46087,40.01204
116.44893,39.97958,116.44681,39.97684
116.43123,39.98741,116.44755,39.98003
116.46366,39.99087,116.45166,39.98326
116.45795,39.99739,116.458,39.99918
116.4549,39.98593,116.46566,39.98294
116.45988,39.9959,116.45776,39.99588
116.45663,39.99587,116.46701,39.98439
116.45661,39.99327,116.46425,39.97201
116.42155,39.99225,116.46198,39.99488
116.45914,39.99588,116.45928,39.99613
116.45697,39.99953,116.45694,39.99948
116.45156,39.99984,116.41228,39.94691
116.44315,39.98307,116.4247,39.98573
116.44375,39.98317,116.41824,39.99681
116.45825,39.9979,116.45825,39.99792
116.45111,39.97918,116.45179,39.97844
116.45683,39.99995,116.45825,39.9979
116.457,39.9996,116.45703,39.99963
116.47703,39.99099,116.42688,39.98806
116.45761,39.98734,116.46033,39.97866
116.41093,40.0026,116.48346,39.97833
116.45664,39.99031,116.46764,39.99722
116.35902,39.95116,116.58658,40.07871
116.45293,39.97719,116.42422,39.98219
116.46641,39.99353,116.39982,39.94871
116.45199,39.97868,116.45111,39.97918
116.45682,39.9999,116.46323,39.99184
116.45934,39.99733,116.45779,39.99784
116.47601,39.98356,116.39421,39.96732
116.46215,39.99406,116.43578,40.02005
116.45125,39.9956,116.47435,40.00076
116.46233,39.9925,116.45686,39.99196
116.41856,39.97954,116.4669,40.00644
116.49304,40.00628,116.34666,39.99888
116.45171,39.97872,116.45215,39.97853
116.45794,39.983,116.45794,39.98299
114.56665,36.53021,114.53872,36.54825
114.84828,36.18581,114.56665,36.53021
114.84833,36.18625,114.84825,36.18599
114.84825,36.18599,114.84828,36.18589
114.84828,36.18589,114.84824,36.18591
114.84824,36.18591,114.84819,36.18562
114.84823,36.18583,114.84831,36.18582
114.84831,36.18582,114.84828,36.18581
114.84819,36.18562,114.84823,36.18583
112.62747,37.76013,112.62285,37.77233
116.4589,39.90717,116.36134,39.93102
116.42102,39.91576,116.43618,39.91199
116.42634,39.9143,116.4263,39.9143
116.4328,39.92313,116.41202,39.89916
116.45819,39.88302,116.36356,39.97598
116.42713,39.91408,116.42531,39.91368
116.42819,39.91512,116.42033,39.91411
116.42814,39.92072,116.42319,39.90547
116.4394,39.92105,116.39929,39.89929
116.42731,39.91483,116.42752,39.91478
116.42752,39.91478,116.42729,39.91482
116.42729,39.91482,116.42819,39.91512
116.43361,39.93246,116.41452,39.88401
116.41765,39.90266,116.44415,39.94429
116.40636,39.91064,116.46077,39.92176
116.4282,39.92251,116.42089,39.90483
116.42825,39.91778,116.42559,39.91423
116.44389,39.9083,116.39674,39.93213
116.42147,39.90343,116.43132,39.93227
116.41146,39.91415,116.45325,39.90842
116.49467,39.92521,116.29774,39.89557
116.43742,39.90273,116.4108,39.93385
116.42134,39.90351,116.42861,39.93961
116.4347,39.91362,116.4093,39.90875
116.42631,39.86773,116.43456,40.00697
116.42972,39.90559,116.42486,39.92658
116.43935,39.94307,116.39321,39.86248
116.42092,39.94124,116.43229,39.85489
116.40683,39.91331,116.47377,39.91439
116.41058,39.93784,116.46439,39.87485
116.44694,39.90718,116.38973,39.93777
116.43719,39.89356,116.41268,39.95252
116.43222,39.91428,116.41806,39.9071
116.4285,39.9184,116.41805,39.89916
116.4529,39.91376,116.371,39.92607
116.42072,39.91124,116.43808,39.91205
116.43262,39.89831,116.41946,39.93954
116.42827,39.92653,116.41276,39.89009
116.47163,39.90351,116.34386,39.94319
116.42899,39.91103,116.41118,39.92334
116.42892,39.9151,116.42859,39.90696
116.42829,39.91507,116.42866,39.92244
116.46093,39.93009,116.34778,39.88819
116.43217,39.91916,116.41085,39.89629
116.42978,39.90458,116.42808,39.94116
116.42033,39.9206,116.44379,39.91206
116.42722,39.91126,116.42522,39.91076
116.42013,39.91435,116.44336,39.92562
116.42853,39.91304,116.41148,39.91469
116.42033,39.91411,116.43002,39.90864
116.44911,39.90736,116.38987,39.93638
116.41959,39.9141,116.43444,39.92596
116.43657,39.92288,116.40344,39.90966
116.42135,39.90344,116.44408,39.94603
116.41689,39.89586,116.43383,39.95049
116.41152,39.92128,116.45544,39.88985
116.42178,39.90349,116.43401,39.94897
116.42784,39.92355,116.41164,39.89584
116.40695,39.91314,116.47171,39.90797
116.42291,39.91276,116.42297,39.91279
116.4252,39.91441,116.41665,39.91423
116.42984,39.90401,116.41957,39.94835
116.40286,39.9002,116.47774,39.95524
116.4283,39.91808,116.41376,39.89946
116.44387,39.90834,116.40365,39.926
116.43477,39.91081,116.40078,39.91384
116.4205,39.91395,116.44541,39.90622
116.44157,39.87483,116.40808,39.99157
116.42047,39.91407,116.44716,39.90713
116.41,39.90805,116.44908,39.93586
116.41013,39.90811,116.44791,39.9345
116.40872,39.88868,116.46386,39.95427
116.42987,39.92315,116.40671,39.89963
116.42584,39.91926,116.42319,39.91779
116.43436,39.92561,116.42289,39.88965
116.42941,39.90922,116.42855,39.91548
116.47154,39.91492,116.33484,39.90124
116.43966,39.91787,116.38918,39.90056
116.41203,39.89584,116.45525,39.93922
116.41155,39.92293,116.44325,39.90236
116.43831,39.94002,116.39299,39.85475
116.4587,39.89942,116.369,39.95673
116.42319,39.91779,116.42029,39.91379
116.42058,39.90405,116.43175,39.9481
116.42029,39.91379,116.42657,39.92298
116.41979,39.93313,116.45291,39.87484
116.43002,39.90864,116.42402,39.93976
116.42927,39.90988,116.41161,39.91389
116.43903,39.90639,116.41057,39.94166
116.42292,39.91278,116.42063,39.91279
116.44067,39.92185,116.40152,39.88704
116.427,39.93238,116.41968,39.89248
116.42192,39.91775,116.42584,39.91926
116.42881,39.91853,116.43492,39.91175
116.42005,39.91418,116.42568,39.91072
116.43062,39.90723,116.42102,39.91576
116.43926,39.89444,116.41305,39.94815
116.45306,39.90855,116.38635,39.92175
116.42438,39.9037,116.44243,39.94469
116.45552,39.89148,116.37421,39.94815
116.42829,39.91687,116.4295,39.92317
116.42764,39.93912,116.41501,39.87748
116.40886,39.91424,116.44968,39.9072
116.44503,39.9465,116.37778,39.86038
116.40735,39.90921,116.44978,39.92558
116.41134,39.93235,116.47125,39.88226
116.40662,39.91408,116.45554,39.92709
116.42049,39.91416,116.42463,39.90907
116.42875,39.914,116.43473,39.90859
116.43478,39.91347,116.41134,39.93235
116.42327,39.91073,116.42325,39.91076
116.42898,39.91103,116.4192,39.90693
116.41877,39.89684,116.43674,39.93588
116.43618,39.91199,116.42159,39.91577
116.428,39.9234,116.41076,39.90676
116.42917,39.91022,116.43364,39.93252
116.42021,39.91781,116.43304,39.92308
116.43758,39.92246,116.40836,39.91442
116.41136,39.89566,116.44245,39.94525
116.42899,39.92315,116.41175,39.91082
116.40535,39.90904,116.45449,39.91817
116.40579,39.91739,116.48361,39.90967
116.40748,39.90882,116.44917,39.93234
116.4302,39.9,116.42835,39.93133
116.41806,39.9071,116.44389,39.94609
116.42062,39.92305,116.42441,39.9073
116.42289,39.90707,116.43481,39.9138
116.43927,39.94299,116.4168,39.85603
116.43138,39.91678,116.43156,39.91674
116.42039,39.91466,116.42222,39.91779
116.42057,39.91411,116.42691,39.92823
116.42058,39.91338,116.42494,39.90729
116.43053,39.91096,116.43054,39.91097
116.44976,39.87515,116.36459,39.98619
116.47265,39.91444,116.3504,39.91196
116.41793,39.90284,116.44386,39.92162
116.42029,39.91752,116.42445,39.91857
116.4289,39.9117,116.42104,39.90378
116.41778,39.90273,116.44114,39.92179
116.41155,39.91109,116.44678,39.90753
116.42935,39.89511,116.40322,39.95572
116.42049,39.90403,116.44562,39.95179
116.42692,39.90736,116.44233,39.93275
116.43751,39.92577,116.42146,39.89216
116.44969,39.92211,116.396,39.9065
116.41805,39.89916,116.42592,39.94163
116.42054,39.91505,116.42075,39.91046
116.41142,39.91102,116.47206,39.91414
116.42,39.92157,116.42145,39.90348
116.41018,39.89985,116.44189,39.95082
116.44765,39.91381,116.38755,39.89889
116.42151,39.90334,116.44967,39.94957
116.44444,39.91485,116.40748,39.90882
116.42804,39.92352,116.42731,39.91483
116.48354,39.89583,116.31308,39.97074
116.4247,39.90754,116.42058,39.91338
116.43713,39.89717,116.42216,39.95585
116.42063,39.91279,116.42051,39.91286
116.4284,39.91493,116.41111,39.92884
116.43067,39.90726,116.42892,39.9151
116.42034,39.91682,116.42054,39.91471
116.47473,39.91411,116.31904,39.93104
116.43151,39.91429,116.43462,39.91467
116.43015,39.90171,116.41379,39.92296
116.4075,39.90891,116.44761,39.91797
116.39013,39.93039,116.48235,39.89197
116.42801,39.92261,116.4347,39.91362
116.4282,39.92629,116.43603,39.90481
116.43474,39.91264,116.42801,39.92261
116.42171,39.90342,116.44404,39.92057
116.42057,39.91395,116.42081,39.9087
116.42055,39.91393,116.42084,39.90859
116.42602,39.90412,116.43384,39.9536
116.45732,39.91729,116.34714,39.91719
116.41289,39.9229,116.4443,39.91505
116.42794,39.9217,116.43336,39.91685
116.42919,39.9117,116.43989,39.92092
116.43167,39.91425,116.43483,39.91367
116.42937,39.9079,116.42899,39.91103
116.44847,39.9549,116.38081,39.85381
116.42222,39.91779,116.42138,39.89445
116.43312,39.91795,116.4302,39.91722
116.42026,39.9162,116.42106,39.90338
116.4384,39.92196,116.42129,39.89563
116.43156,39.91674,116.435,39.90591
116.42063,39.9059,116.42062,39.92305
116.42027,39.91476,116.41999,39.9211
116.42051,39.91775,116.42054,39.91776
116.42759,39.9439,116.43799,39.87064
116.43376,39.92281,116.43036,39.90573
116.42963,39.90641,116.43829,39.93935
116.44467,39.91792,116.4036,39.92298
116.42071,39.91108,116.42072,39.91124
116.42878,39.9188,116.44175,39.90609
116.42866,39.92333,116.42747,39.91708
116.42857,39.92501,116.42567,39.91422
116.43887,39.90715,116.38438,39.9411
116.46346,39.91585,116.37158,39.90617
116.41958,39.91417,116.41954,39.91418
116.42027,39.9193,116.4199,39.91416
116.42931,39.91034,116.43474,39.90858
116.41798,39.90891,116.45522,39.94334
116.44278,39.92566,116.4085,39.90742
116.42888,39.90756,116.41743,39.90861
116.43288,39.89297,116.4326,39.96644
116.42039,39.91419,116.42056,39.9048
116.46118,39.89706,116.34317,39.96608
116.44434,39.91522,116.41146,39.91415
116.43833,39.9072,116.40614,39.9091
116.44294,39.92157,116.41001,39.91393
116.42764,39.93274,116.43242,39.85941
116.41931,39.91458,116.41931,39.91459
116.43267,39.91759,116.43312,39.91795
116.4206,39.91056,116.42049,39.91082
116.43771,39.93236,116.38426,39.88836
116.41137,39.89592,116.43845,39.94054
116.42024,39.91774,116.41781,39.9142
116.4263,39.9143,116.43735,39.89698
116.43189,39.89079,116.43366,39.95124
116.42002,39.92095,116.43312,39.92306
116.40667,39.91417,116.47142,39.895
116.42704,39.92294,116.44481,39.90714
116.4265,39.91424,116.44615,39.90747
116.42022,39.91414,116.42046,39.90412
116.42126,39.93225,116.45282,39.86521
116.42604,39.92821,116.42935,39.90944
116.41908,39.92307,116.42032,39.90512
116.44789,39.91579,116.39365,39.93192
116.43585,39.92115,116.40162,39.923
116.43364,39.91427,116.4282,39.93023
116.41884,39.90689,116.41958,39.93153
116.42057,39.91043,116.41958,39.93528
116.41465,39.91144,116.4379,39.93982
116.37012,39.90768,116.54038,39.90689
116.42892,39.91153,116.42744,39.89996
116.46086,39.92707,116.36672,39.91018
116.42958,39.90856,116.43813,39.93979
116.41581,39.91776,116.43845,39.88846
116.43026,39.90728,116.43479,39.91432
116.42657,39.92298,116.42561,39.92056
116.44384,39.90876,116.37138,39.91684
116.43303,39.90716,116.40503,39.90902
116.46146,39.9325,116.36815,39.89818
116.43351,39.91778,116.43267,39.91759
116.43485,39.91029,116.42789,39.93641
116.42085,39.90772,116.4205,39.91395
116.44924,39.93123,116.39341,39.90038
116.42175,39.91293,116.41351,39.91386
116.42167,39.90333,116.41994,39.92113
116.42343,39.90771,116.42338,39.90771
116.42902,39.90867,116.40041,39.91688
116.39743,39.93216,116.46155,39.88335
116.4301,39.90792,116.40725,39.90853
116.42936,39.90836,116.43049,39.90673
116.42484,39.91417,116.40652,39.91281
116.43474,39.90858,116.42875,39.914
116.42575,39.90709,116.42415,39.90708
116.42054,39.91199,116.41879,39.90723
116.50178,39.87832,116.29813,39.99332
116.44137,39.90653,116.37381,39.92527
116.42993,39.90147,116.4201,39.91789
116.43504,39.91202,116.43022,39.91016
116.42345,39.90779,116.42208,39.9075
116.42325,39.91076,116.45174,39.9091
116.41181,39.91138,116.47618,39.93256
116.43478,39.91292,116.43026,39.90728
116.46578,39.9067,116.35151,39.90767
116.41857,39.9178,116.42022,39.91771
116.41781,39.9142,116.42001,39.91358
116.42282,39.90723,116.43527,39.90613
116.42465,39.91022,116.41117,39.90915
116.45177,39.90924,116.35353,39.91701
116.43479,39.91432,116.42984,39.90321
116.4339,39.9131,116.43481,39.91435
116.4286,39.91754,116.427,39.93238
116.41995,39.92439,116.42292,39.91278
116.42472,39.90732,116.4219,39.90705
116.43311,39.91427,116.41059,39.93947
116.42064,39.90711,116.44514,39.90717
116.42365,39.89204,116.43022,39.93612
116.4294,39.90725,116.41161,39.90728
116.42895,39.9121,116.42334,39.89601
116.43481,39.91452,116.43364,39.91427
116.42102,39.90336,116.43474,39.91343
116.42241,39.90713,116.44275,39.90719
116.425,39.89245,116.41436,39.97876
116.42331,39.90771,116.42079,39.90737
116.43088,39.9255,116.39441,39.90157
116.42049,39.90436,116.43888,39.95995
116.43813,39.93979,116.37855,39.86769
116.42535,39.91408,116.45172,39.90833
116.41992,39.92286,116.42051,39.91432
116.43285,39.92288,116.41102,39.92294
116.41116,39.92491,116.47146,39.91424
116.44363,39.90887,116.37817,39.90591
116.42768,39.93742,116.43304,39.89232
116.4012,39.91394,116.45322,39.90853
116.42532,39.92307,116.43495,39.92202
116.42171,39.90339,116.41893,39.95571
116.43213,39.92277,116.40879,39.92277
116.52455,39.8714,116.50781,39.864
116.52378,39.86841,116.50796,39.86961
116.52488,39.86796,116.50567,39.87041
116.55897,39.84469,116.44903,39.93246
116.52483,39.86762,116.52488,39.86796
116.53861,39.8695,116.50311,39.87177
116.51195,39.86929,116.5245,39.87185
116.56837,39.86846,116.44722,39.87414
116.53861,39.86928,116.48382,39.89233
116.53195,39.86656,116.51683,39.89138
116.49846,39.87023,116.54654,39.87149
116.52628,39.86867,116.49092,39.87593
116.52687,39.86864,116.53191,39.86613
116.53886,39.87054,116.49125,39.8918
116.52453,39.86834,116.53861,39.8695
116.52366,39.87584,116.53821,39.86939
116.50796,39.86961,116.52455,39.8714
116.53891,39.87032,116.49808,39.892
116.53939,39.86985,116.47221,39.892
116.4993,39.86828,116.58671,39.85722
116.54094,39.86765,116.5079,39.86564
116.52537,39.86865,116.54081,39.86918
116.52696,39.87121,116.53814,39.86964
116.53191,39.86618,116.52687,39.86864
116.50947,39.86942,116.52144,39.88498
116.50567,39.87041,116.52488,39.86796
116.53823,39.87002,116.48237,39.89952
116.52441,39.87999,116.52431,39.88007
116.52436,39.88005,116.52429,39.88008
116.52431,39.88007,116.52436,39.88005
116.51524,39.86123,116.50829,39.86967
116.50748,39.85748,116.5204,39.90832
116.5048,39.85673,116.54094,39.86765
116.53191,39.86613,116.53188,39.8661
116.50808,39.86969,116.51552,39.86874
116.52144,39.88495,116.53859,39.86928
116.53552,39.86842,116.49922,39.90678
116.52577,39.88059,116.52578,39.88057
116.48295,39.87554,116.56723,39.87352
116.52475,39.86893,116.53787,39.84509
116.55557,39.87126,116.48575,39.85032
116.53816,39.86977,116.52537,39.86865
116.51239,39.85755,116.51195,39.86929
116.54779,39.87346,116.50769,39.86699
116.51621,39.86867,116.494,39.87655
116.52155,39.88779,116.53948,39.86913
116.50829,39.86967,116.50808,39.86969
116.51003,39.86259,116.50773,39.86886
116.5077,39.86762,116.51239,39.85755
116.4797,39.86208,116.57101,39.90827
116.53476,39.86052,116.45545,39.87966
116.53542,39.86839,116.53527,39.8684
116.50785,39.86802,116.50785,39.86804
116.53551,39.86842,116.53552,39.86842
116.5176,39.89167,116.52396,39.86843
116.50089,39.87292,116.52277,39.85249
116.50787,39.86705,116.50787,39.86706
116.50794,39.8675,116.50778,39.86431
116.5337,39.87603,116.53863,39.87034
116.50787,39.86481,116.50791,39.86868
116.50714,39.86857,116.50771,39.8681
116.53032,39.8577,116.53175,39.86139
116.5074,39.86811,116.50713,39.86861
116.54081,39.86918,116.52696,39.87121
116.50713,39.86861,116.50717,39.8688
116.50791,39.86628,116.50913,39.85932
116.50786,39.86338,116.50787,39.86705
116.53533,39.8817,116.49554,39.89183
116.50782,39.86413,116.50836,39.86291
116.50836,39.86291,116.50784,39.86387
116.52109,39.89135,116.53886,39.87054
116.58312,39.80631,116.38728,39.95284
116.51234,39.85772,116.51244,39.85765
116.50778,39.86255,116.50782,39.86413
116.50832,39.86964,116.50177,39.87272
116.50785,39.86283,116.50793,39.86285
116.50785,39.86287,116.50785,39.86283
116.50794,39.86165,116.51202,39.85799
116.51178,39.85788,116.50792,39.86048
116.50636,39.86668,116.50564,39.86627
116.52277,39.85249,116.51287,39.85736
116.51271,39.85607,116.50788,39.86153
116.53761,39.86978,116.53805,39.86988
116.508,39.86142,116.508,39.86142
116.50778,39.86677,116.50128,39.86963
116.51128,39.85712,116.51161,39.8579
116.53796,39.8702,116.53796,39.8702
116.53829,39.86976,116.53761,39.86978
116.57021,39.84753,116.44441,39.87002
116.53805,39.86988,116.53824,39.86966
116.53816,39.86964,116.53806,39.86958
116.53821,39.86969,116.53799,39.86977
116.53806,39.86958,116.53829,39.86976
116.53814,39.86964,116.5382,39.86964
116.53818,39.86971,116.53816,39.86977
116.53827,39.86953,116.53798,39.86958
116.53829,39.87044,116.53796,39.8702
116.5382,39.86953,116.53816,39.86964
116.53815,39.87018,116.53829,39.87044
116.53821,39.86978,116.5382,39.86975
116.5382,39.86975,116.53822,39.8697
116.53822,39.8697,116.53818,39.86971
116.53824,39.86966,116.53821,39.86969
116.53825,39.86966,116.5382,39.86953
116.516,39.8653,116.48867,39.85607
116.51244,39.85765,116.49684,39.86937
116.50536,39.86741,116.50434,39.8684
116.53824,39.86994,116.53891,39.87032
116.50529,39.86736,116.50423,39.86891
116.5382,39.86964,116.53918,39.8685
116.53886,39.8693,116.52363,39.90698
116.53853,39.86956,116.53881,39.87077
116.53886,39.87054,116.53823,39.87002
116.53867,39.86939,116.53867,39.86945
116.53871,39.87029,116.53864,39.87009
116.53929,39.86977,116.51501,39.91305
116.53871,39.86932,116.53865,39.86933
116.53881,39.87077,116.53853,39.86956
116.53873,39.86936,116.53871,39.86939
116.53878,39.87021,116.53865,39.87039
116.53863,39.87034,116.53895,39.87034
116.53901,39.87027,116.53821,39.87
116.50423,39.86891,116.50536,39.86741
116.55693,39.86761,116.50232,39.87218
116.53918,39.8685,116.53782,39.86971
116.50461,39.86909,116.50433,39.86875
116.53879,39.86978,116.53881,39.87077
116.53877,39.8708,116.53881,39.87077
116.53881,39.87077,116.53879,39.86978
116.53881,39.87077,116.53879,39.86978
116.53874,39.86963,116.53895,39.87063
116.53881,39.87077,116.53877,39.8708
116.53881,39.87077,116.53884,39.8711
116.53884,39.8711,116.53881,39.87077
116.53879,39.86978,116.53906,39.87065
116.50517,39.87522,116.50517,39.87522
116.53881,39.87077,116.53907,39.87058
116.53897,39.87016,116.53881,39.87077
116.53907,39.87058,116.53881,39.87077
116.50796,39.85987,116.50563,39.86158
116.52151,39.88508,116.521,39.89218
116.50427,39.86855,116.50428,39.86853
116.55778,39.86699,116.50155,39.87257
116.50544,39.86361,116.50543,39.86358
116.52161,39.88762,116.52158,39.88732
116.50233,39.87215,116.50787,39.86851
116.50787,39.86851,116.49668,39.87507
116.50517,39.87522,116.50437,39.87527
116.50412,39.87131,116.50397,39.87137
116.53886,39.87054,116.54024,39.86903
116.52545,39.8875,116.52542,39.8875
116.49891,39.89202,116.53195,39.86656
116.50421,39.86535,116.50428,39.8656
116.50145,39.87277,116.50778,39.86677
116.54024,39.86903,116.53886,39.87054
116.50405,39.86646,116.5034,39.86616
116.50128,39.86963,116.50782,39.86784
116.5034,39.86616,116.50405,39.86646
116.50551,39.86039,116.50431,39.86489
116.51202,39.85799,116.48665,39.90681
116.50421,39.86349,116.50245,39.86616
116.53854,39.86148,116.53848,39.86138
116.52461,39.87331,116.47156,39.89983
116.51231,39.85873,116.48405,39.88205
116.48404,39.87526,116.65474,39.86111
116.53692,39.84172,116.49409,39.86831
116.53799,39.86977,116.54003,39.89962
116.50574,39.87994,116.50178,39.87832
116.55394,39.90408,116.42231,39.84965
116.50233,39.87215,116.50089,39.87292
116.51071,39.85363,116.51013,39.8533
116.5067,39.85255,116.50781,39.86334
116.50133,39.86329,116.50495,39.8634
116.52872,39.83548,116.48635,39.88167
116.53834,39.84538,116.47559,39.8584
116.50642,39.85587,116.50646,39.85572
116.53948,39.86913,116.49313,39.93423
116.44998,39.88012,116.62791,39.90064
116.49908,39.86931,116.50421,39.86535
116.4979,39.89203,116.54012,39.88218
116.49684,39.86937,116.50789,39.86773
116.5033,39.85713,116.50748,39.85748
116.50089,39.87292,116.5,39.87338
116.49668,39.87493,116.50789,39.86793
116.51769,39.89134,116.51766,39.89131
116.52488,39.86796,116.45022,39.87221
116.48716,39.86966,116.52564,39.86869
116.56966,39.86456,116.47227,39.92715
116.49997,39.86832,116.49961,39.86729
116.52158,39.88732,116.52204,39.90125
116.49997,39.87348,116.49986,39.87357
116.54012,39.88218,116.54019,39.88246
116.54186,39.89636,116.45472,39.87853
116.52564,39.86869,116.57001,39.90874
116.54393,39.87174,116.54392,39.87172
116.51742,39.89204,116.51743,39.89207
116.54196,39.86491,116.53834,39.84538
116.48575,39.85032,116.54196,39.86491
116.51161,39.86903,116.48795,39.91409
116.51683,39.89138,116.48745,39.88013
116.4976,39.86621,116.50223,39.86527
116.43421,39.87263,116.63733,39.90052
116.49685,39.86621,116.50387,39.86224
116.51107,39.89058,116.51109,39.89054
116.55718,39.86191,116.5165,39.90899
116.52101,39.89183,116.4979,39.89203
116.50194,39.85713,116.50205,39.85713
116.49436,39.8918,116.51178,39.85788
116.5212,39.89084,116.49663,39.89541
116.50406,39.85869,116.49566,39.85515
116.52144,39.88498,116.48398,39.9015
116.58018,39.91864,116.41523,39.84429
116.49915,39.85794,116.5048,39.85673
116.49787,39.87483,116.49787,39.87482
116.52303,39.8993,116.5216,39.88435
116.49909,39.89175,116.53874,39.89415
116.55382,39.90743,116.4632,39.86908
116.50791,39.86868,116.51139,39.93651
116.50903,39.8919,116.51158,39.89189
116.49905,39.86335,116.49411,39.86606
116.53863,39.87034,116.5583,39.84461
116.52522,39.9086,116.48085,39.86029
116.5299,39.77046,116.58039,40.07595
116.50068,39.87304,116.48907,39.87901
116.56933,39.86244,116.40173,39.95737
116.50771,39.8681,116.47345,39.86979
116.55962,39.88208,116.49133,39.90705
116.48352,39.87923,116.52122,39.85329
116.49654,39.87499,116.49653,39.87501
116.49929,39.87726,116.49175,39.87423
116.52172,39.8818,116.44957,39.87486
116.50782,39.86784,116.50588,39.93857
116.45507,39.87848,116.60032,39.90828
116.4962,39.87013,116.49481,39.87045
116.50646,39.85572,116.47406,39.89184
116.49988,39.8736,116.48782,39.87558
116.5584,39.8676,116.52628,39.86867
116.50781,39.86537,116.47149,39.88932
116.49598,39.87524,116.49427,39.85745
116.50282,39.85406,116.4959,39.8546
116.50988,39.90686,116.49916,39.86105
116.49409,39.86831,116.49738,39.86268
116.49583,39.85543,116.50406,39.85869
116.49112,39.91442,116.58426,39.86167
116.51674,39.86178,116.45195,39.87489
116.51109,39.89054,116.46313,39.8405
116.52046,39.8962,116.54186,39.89636
116.4951,39.87364,116.49512,39.87563
116.48991,39.87138,116.50433,39.86861
116.49515,39.8733,116.49372,39.86622
116.53867,39.86955,116.40663,39.8717
116.49002,39.87469,116.50517,39.87522
116.49505,39.87557,116.4951,39.87364
116.49425,39.86966,116.49546,39.86626
116.57071,39.91138,116.48293,39.84274
116.4951,39.87568,116.49505,39.87557
116.49509,39.87564,116.49501,39.87553
116.60148,39.88835,116.43904,39.85992
116.51517,39.81785,116.57871,40.04302
116.49465,39.87359,116.49474,39.8736
116.49629,39.85968,116.49658,39.85961
116.521,39.89218,116.52163,39.90794
116.49431,39.87379,116.49424,39.87376
116.4943,39.86616,116.4943,39.86617
116.49401,39.8696,116.49389,39.86957
116.50787,39.86706,116.47177,39.90639
116.49389,39.86957,116.49401,39.8696
116.49916,39.86105,116.48415,39.89924
116.49389,39.86957,116.49395,39.86942
116.4939,39.86946,116.49389,39.86957
116.49389,39.86957,116.4939,39.86946
116.49039,39.87091,116.51542,39.91539
116.49567,39.86985,116.4904,39.87451
116.46734,39.88012,116.57093,39.90857
116.49642,39.87506,116.49065,39.87802
116.50434,39.8684,116.47293,39.86981
116.50788,39.86813,116.46624,39.88321
116.4941,39.86691,116.49388,39.86528
116.62611,39.90402,116.37236,39.86086
116.51006,39.89173,116.49658,39.89537
116.51133,39.91523,116.4848,39.84098
116.51158,39.89189,116.52373,39.90847
116.49566,39.85515,116.50282,39.85406
116.49065,39.87802,116.50089,39.87292
116.52124,39.89118,116.49216,39.9071
116.49406,39.87675,116.49406,39.87674
116.49501,39.87553,116.49144,39.87762
116.49152,39.87772,116.49929,39.87726
116.48948,39.87876,116.50233,39.87215
116.49345,39.86424,116.49347,39.86412
116.49345,39.8641,116.49344,39.86409
116.49405,39.86675,116.49039,39.87452
116.49797,39.89195,116.51107,39.89058
116.49342,39.86397,116.49345,39.8641
116.49342,39.86387,116.49342,39.86397
116.49337,39.86386,116.49337,39.86386
116.49175,39.87423,116.49498,39.87305
116.51165,39.85801,116.45465,39.87852
116.50084,39.86946,116.48994,39.9207
116.50456,39.89202,116.49662,39.89203
116.66572,40.03068,116.66571,40.03066
116.66564,40.03066,116.66572,40.03068
116.66574,40.02785,116.66564,40.03066
116.71877,40.12524,116.52544,39.94044
116.61736,40.02167,116.70581,40.12354
116.66341,40.02882,116.62342,40.02515
116.66165,40.03783,116.60655,40.03489
116.61208,40.0459,116.70639,40.09584
116.65256,40.06024,116.61208,40.0459
116.75242,40.07681,116.61076,40.04741
116.6778,40.09472,116.61044,40.05326
116.70184,40.05585,116.62391,39.91077
116.63318,40.03344,116.63022,40.06327
116.63909,40.05753,116.61843,40.04653
116.62342,40.02515,116.66341,40.02882
116.69386,40.00745,116.6939,40.0074
116.67108,40.00101,116.67106,40.00097
116.62559,40.06722,116.63027,40.0448
116.66193,40.10107,116.62559,40.06722
116.63325,40.03323,116.61019,40.05393
116.67061,39.9995,116.67061,39.99952
116.67061,39.99952,116.67062,39.9994
116.62985,40.03351,116.62342,40.02515
116.75473,40.07492,116.65629,39.95485
116.66236,40.09754,116.66193,40.10107
116.6111,40.04986,116.63909,40.05753
116.70639,40.09584,116.6778,40.09472
116.61577,40.05034,116.62698,40.05641
116.70941,40.13274,116.50662,40.01048
116.62257,40.02565,116.62268,40.02572
116.67062,39.9994,116.67089,39.97782
116.62262,40.02422,116.62262,40.02422
116.62262,40.02422,116.62262,40.02422
116.62262,40.02422,116.62262,40.02422
116.62262,40.02422,116.62262,40.02422
116.62262,40.02422,116.62262,40.02422
116.62262,40.02422,116.62247,40.02405
116.62256,40.02424,116.62252,40.02416
116.62247,40.02405,116.62262,40.02422
116.65487,40.10325,116.66862,40.10231
116.61625,40.05011,116.61556,40.05036
116.61563,40.05029,116.61571,40.05026
116.61621,40.05045,116.61416,40.04963
116.61588,40.0504,116.61429,40.05162
116.61536,40.05026,116.61371,40.05022
116.61429,40.05162,116.61577,40.05034
116.67155,39.98524,116.56106,40.04021
116.61483,40.0529,116.61472,40.05288
116.61475,40.05279,116.6148,40.05306
116.6148,40.05306,116.61473,40.053
116.61476,40.05291,116.61478,40.05302
116.61471,40.05286,116.61483,40.0529
116.61473,40.053,116.61476,40.05291
116.61472,40.05286,116.61473,40.0529
116.61472,40.05288,116.61472,40.05286
116.61468,40.0528,116.61475,40.05279
116.61371,40.05022,116.61546,40.05031
116.61641,40.05033,116.6097,40.05261
116.61617,40.05052,116.60969,40.05282
116.66571,40.03066,116.63438,39.91241
116.61651,40.05036,116.60855,40.05206
116.61603,40.05044,116.60931,40.05244
116.61627,40.05041,116.60882,40.05259
116.61478,40.05302,116.6122,40.05333
116.61605,40.05046,116.60922,40.0528
116.61542,40.05029,116.61035,40.05403
116.61542,40.05029,116.61035,40.05403
116.61542,40.05029,116.61035,40.05403
116.61542,40.05029,116.61035,40.05403
116.61615,40.05042,116.60872,40.05249
116.61546,40.05031,116.60996,40.05271
116.61499,40.04005,116.61101,40.04999
116.61581,40.05033,116.60906,40.05207
116.61627,40.05027,116.60816,40.05277
116.61537,40.05033,116.60997,40.05327
116.61582,40.05034,116.6089,40.05238
116.61603,40.05039,116.60823,40.05216
116.61569,40.05029,116.6089,40.05239
116.61581,40.05033,116.60869,40.05296
116.61537,40.05025,116.60951,40.05258
116.61606,40.05049,116.60794,40.05275
116.61598,40.05043,116.60808,40.05271
116.61638,40.05039,116.60653,40.04978
116.61508,40.04657,116.60878,40.05281
116.61507,40.04662,116.60878,40.05178
116.61186,40.04972,116.61508,40.04657
116.6122,40.05333,116.61471,40.05286
116.61445,40.04999,116.60875,40.05218
116.61101,40.04999,116.61499,40.04005
116.61395,40.05166,116.60934,40.05232
116.61417,40.04966,116.60835,40.05183
116.61008,40.05245,116.61641,40.05033
116.691,39.98912,116.67222,39.98462
116.61044,40.053,116.61495,40.04674
116.61035,40.05403,116.61542,40.05029
116.61035,40.05403,116.61542,40.05029
116.61032,40.05402,116.61542,40.05029
116.60958,40.05273,116.61621,40.05045
116.61169,40.05005,116.61156,40.05009
116.61167,40.04999,116.61142,40.0497
116.61152,40.04993,116.61169,40.05005
116.61323,40.05257,116.60867,40.05211
116.61386,40.05106,116.60684,40.04267
116.61155,40.05001,116.61158,40.05017
116.60935,40.05269,116.61627,40.05041
116.61145,40.04995,116.61173,40.05009
116.61154,40.05005,116.61155,40.05001
116.61158,40.05017,116.61146,40.04993
116.60939,40.05223,116.61603,40.05039
116.61165,40.04199,116.61138,40.04971
116.6115,40.04998,116.61152,40.04999
116.61152,40.04999,116.61146,40.04995
116.61156,40.05009,116.61135,40.04989
116.61146,40.04993,116.6115,40.04998
116.61142,40.0497,116.61154,40.05005
116.61136,40.04994,116.61167,40.04999
116.61146,40.04995,116.61145,40.04995
116.6139,40.05173,116.60645,40.04337
116.61145,40.04936,116.61134,40.04983
116.60994,40.05242,116.61461,40.05001
116.61137,40.04983,116.61144,40.04916
116.61127,40.05001,116.61155,40.04179
116.61182,40.05386,116.61129,40.05343
116.60922,40.0528,116.61603,40.05044
116.61167,40.04813,116.6108,40.05427
116.61135,40.04989,116.61136,40.04994
116.61148,40.04916,116.61103,40.05005
116.61111,40.04996,116.61165,40.04199
116.609,40.04985,116.61618,40.05644
116.61143,40.04939,116.61093,40.0499
116.61145,40.05302,116.61141,40.05296
116.61135,40.04976,116.61101,40.05002
116.61132,40.0497,116.61101,40.05002
116.61151,40.05285,116.61114,40.053
116.61132,40.05283,116.61149,40.05291
116.61133,40.04985,116.61093,40.0499
116.61103,40.05005,116.61148,40.04916
116.6112,40.05339,116.61182,40.05386
116.6089,40.05281,116.61605,40.05046
116.61141,40.05304,116.61122,40.05285
116.61106,40.05001,116.61136,40.04959
116.61143,40.04244,116.61058,40.05312
116.61136,40.05276,116.61124,40.05292
116.61101,40.05,116.6114,40.04976
116.61149,40.05291,116.61095,40.05282
116.61101,40.05,116.61138,40.04969
116.61118,40.04996,116.61103,40.05005
116.61098,40.04984,116.6114,40.0495
116.61101,40.05002,116.61135,40.04976
116.6089,40.05238,116.61581,40.05033
116.61108,40.05001,116.61136,40.05363
116.61126,40.04992,116.61072,40.04185
116.611,40.05009,116.61134,40.04947
116.61101,40.05002,116.61133,40.04995
116.61091,40.04986,116.61149,40.04934
116.61093,40.0499,116.61143,40.04939
116.61096,40.05004,116.61138,40.04962
116.61102,40.04575,116.61116,40.04991
116.61116,40.05005,116.61098,40.05001
116.61097,40.05003,116.61135,40.04979
116.61114,40.053,116.61153,40.05304
116.61103,40.05005,116.61118,40.04996
116.61117,40.05291,116.61141,40.05304
116.61105,40.04991,116.6111,40.04986
116.61106,40.05001,116.61106,40.05001
116.61106,40.05001,116.61106,40.05001
116.61106,40.05001,116.61106,40.05001
116.61106,40.05001,116.61106,40.05001
116.61106,40.05001,116.61106,40.05001
116.61106,40.05001,116.61106,40.05001
116.61136,40.05281,116.61095,40.05292
116.61073,40.04298,116.61164,40.05293
116.61165,40.05306,116.6104,40.05319
116.61103,40.05,116.61103,40.05
116.61103,40.05001,116.61103,40.05001
116.61085,40.04985,116.61136,40.04985
116.61113,40.05277,116.61117,40.05128
116.61101,40.04999,116.61101,40.04999
116.61101,40.04999,116.61101,40.04999
116.61101,40.04999,116.61101,40.04999
116.61101,40.04999,116.61101,40.04999
116.61101,40.04999,116.61101,40.04999
116.61101,40.04999,116.61101,40.04999
116.61101,40.05001,116.61101,40.05001
116.61101,40.05001,116.61101,40.05001
116.61101,40.05001,116.61101,40.05001
116.61092,40.0498,116.61129,40.05301
116.61119,40.05291,116.61114,40.05285
116.61145,40.05291,116.61061,40.05314
116.61099,40.05,116.61099,40.05
116.61099,40.05,116.61099,40.05
116.61099,40.05,116.61099,40.05
116.61099,40.05,116.61099,40.05
116.61099,40.05,116.61099,40.05
116.60877,40.05248,116.61569,40.05029
116.61076,40.04741,116.61132,40.0497
116.611,40.05003,116.61084,40.04455
116.61072,40.04185,116.6115,40.05289
116.61092,40.04999,116.61107,40.04995
116.61117,40.05128,116.61081,40.05282
116.6108,40.04992,116.61126,40.04992
116.61114,40.04544,116.61046,40.05332
116.6909,39.98552,116.63912,39.98542
116.61091,40.04984,116.61113,40.05297
116.61078,40.0427,116.61133,40.04985
116.61094,40.05007,116.61094,40.05007
116.61094,40.05007,116.61094,40.05007
116.61141,40.05287,116.61052,40.05315
116.61122,40.05285,116.61085,40.05262
116.61092,40.0501,116.61097,40.05
116.61093,40.0499,116.61093,40.0499
116.61093,40.0499,116.61093,40.0499
116.61093,40.0499,116.61093,40.0499
116.61093,40.0499,116.61093,40.0499
116.61093,40.0499,116.61093,40.0499
116.61093,40.0499,116.61093,40.0499
116.61093,40.0499,116.61093,40.0499
116.61093,40.0499,116.61078,40.0427
116.61084,40.04455,116.611,40.05003
116.61092,40.0498,116.61101,40.05305
116.61091,40.05003,116.61091,40.05003
116.61091,40.05003,116.61091,40.05003
116.61091,40.05003,116.61091,40.05003
116.61091,40.05003,116.61091,40.05003
116.61093,40.05299,116.61132,40.05293
116.61076,40.04972,116.6111,40.04985
116.61101,40.05305,116.61092,40.0498
116.61136,40.05363,116.61057,40.0532
116.61082,40.04983,116.61107,40.05299
116.61095,40.05282,116.61117,40.05291
116.61114,40.05285,116.61081,40.05321
116.6111,40.05259,116.61073,40.05263
116.61106,40.05316,116.61094,40.0531
116.61107,40.05271,116.61073,40.05195
116.61135,40.05279,116.61025,40.05304
116.61086,40.04982,116.61083,40.05319
116.61092,40.0498,116.6107,40.05305
116.61105,40.05282,116.61081,40.05278
116.61071,40.04734,116.61092,40.05317
116.61136,40.05271,116.61022,40.05384
116.61074,40.04984,116.61099,40.05296
116.61081,40.05301,116.61127,40.05297
116.61071,40.0531,116.61145,40.05291
116.61097,40.0535,116.61097,40.05341
116.6115,40.05289,116.60975,40.05324
116.61071,40.05332,116.61136,40.05276
116.61131,40.05343,116.61022,40.05371
116.6107,40.04983,116.6107,40.04983
116.6107,40.04983,116.6107,40.04983
116.6107,40.04983,116.6107,40.04983
116.6107,40.04983,116.6107,40.04983
116.6107,40.04983,116.6107,40.04983
116.61129,40.05343,116.61023,40.0542
116.61109,40.05218,116.61025,40.05236
116.61118,40.05276,116.61022,40.05358
116.6107,40.05305,116.61092,40.0498
116.61044,40.05326,116.61142,40.04949
116.61057,40.05332,116.61149,40.05373
116.61096,40.05341,116.61056,40.052
116.61081,40.05278,116.61084,40.05313
116.61146,40.04923,116.60897,40.04981
116.61139,40.05321,116.60904,40.03804
116.61064,40.05241,116.61107,40.05271
116.61081,40.05321,116.61086,40.05314
116.61077,40.04983,116.61046,40.05323
116.61059,40.05251,116.61113,40.05277
116.61063,40.05332,116.61119,40.05291
116.61084,40.05313,116.61074,40.05295
116.61124,40.05292,116.61,40.05428
116.61085,40.05262,116.61058,40.05274
116.61089,40.0536,116.61073,40.05362
116.60808,40.05297,116.61598,40.05043
116.61058,40.05315,116.61118,40.05276
116.61081,40.0526,116.61059,40.05251
116.61179,40.05349,116.60877,40.05248
116.61056,40.05274,116.6111,40.05259
116.61055,40.05278,116.61109,40.05218
116.61081,40.05282,116.61061,40.05293
116.61086,40.05314,116.61058,40.05315
116.61084,40.05313,116.61053,40.05243
116.61134,40.05281,116.60953,40.0531
116.61074,40.05276,116.61068,40.0527
116.6105,40.05322,116.61125,40.05295
116.61076,40.05309,116.61071,40.05332
116.6108,40.05326,116.6106,40.05273
116.61184,40.05346,116.60852,40.05285
116.61052,40.05347,116.6112,40.05339
116.61065,40.04982,116.61038,40.05265
116.61068,40.0527,116.61065,40.05258
116.61073,40.05195,116.61044,40.05265
116.61061,40.05293,116.61082,40.05274
116.61074,40.05295,116.61056,40.05291
116.61138,40.04971,116.60888,40.05341
116.61075,40.05311,116.61055,40.05278
116.61078,40.05284,116.60989,40.0423
116.61072,40.05352,116.61072,40.05339
116.61059,40.05251,116.61074,40.05276
116.61044,40.05265,116.61105,40.05282
116.61064,40.05243,116.61057,40.05265
116.61114,40.04533,116.60901,40.05362
116.35294,39.84274,116.35833,39.91676
116.35659,39.86717,116.34792,39.86867
116.30899,39.8653,116.44558,39.87007
116.36495,39.85518,116.33555,39.89642
116.36265,39.86396,116.34276,39.87663
116.35376,39.86697,116.35381,39.86523
116.3563,39.86194,116.3476,39.87551
116.35304,39.86945,116.35317,39.86943
116.35662,39.86724,116.35659,39.86717
116.33484,39.87593,116.39914,39.85591
116.33477,39.87196,116.39445,39.85295
116.3586,39.85715,116.35081,39.88416
116.29982,39.86032,116.47106,39.88345
116.35008,39.86694,116.36779,39.86371
116.35746,39.86532,116.3482,39.86499
116.35519,39.86528,116.35514,39.86523
116.34965,39.86709,116.35628,39.86725
116.34297,39.8652,116.37534,39.86525
116.36542,39.85235,116.32885,39.89153
116.348,39.86826,116.37565,39.8702
116.35355,39.87059,116.35352,39.87059
116.34284,39.8651,116.37534,39.86525
116.34836,39.86833,116.35842,39.86902
116.33903,39.87869,116.39409,39.84446
116.35679,39.86517,116.35393,39.86514
116.35825,39.86525,116.3439,39.88179
116.3804,39.84101,116.30358,39.93115
116.35763,39.86934,116.33893,39.86678
116.33854,39.84657,116.38541,39.90094
116.35749,39.86897,116.35763,39.86934
116.35578,39.87061,116.35573,39.8715
116.35514,39.86523,116.3627,39.86919
116.37216,39.86099,116.30909,39.88337
116.35734,39.86748,116.35943,39.86805
116.38082,39.86986,116.31254,39.86671
116.3581,39.86816,116.35791,39.86407
116.36146,39.8691,116.34327,39.87623
116.33009,39.86803,116.39272,39.87044
116.35727,39.86743,116.35779,39.87577
116.35818,39.86613,116.35779,39.87531
116.33518,39.87558,116.40434,39.85539
116.34824,39.86403,116.36189,39.8654
116.34031,39.84583,116.3715,39.91264
116.35799,39.86763,116.35781,39.87382
116.31077,39.85685,116.43988,39.87867
116.38064,39.85456,116.3139,39.89569
116.35794,39.86977,116.35794,39.86977
116.35794,39.86977,116.35794,39.86978
116.35249,39.86776,116.34821,39.86233
116.34792,39.86867,116.35584,39.8671
116.35823,39.86577,116.35819,39.86699
116.35891,39.86905,116.35796,39.86787
116.35786,39.86802,116.35295,39.87904
116.3574,39.87673,116.33708,39.85453
116.36232,39.86845,116.32621,39.86681
116.3808,39.85414,116.31044,39.88565
116.35464,39.86708,116.36722,39.8686
116.3672,39.8493,116.32006,39.89588
116.35794,39.86786,116.36056,39.86403
116.33727,39.85426,116.37765,39.88799
116.36688,39.85557,116.33094,39.90612
116.35837,39.86674,116.36048,39.8691
116.37226,39.86087,116.31339,39.89477
116.35799,39.86882,116.35857,39.85697
116.33054,39.87134,116.41514,39.86827
116.37293,39.86217,116.32299,39.89293
116.35616,39.87675,116.33728,39.85442
116.35826,39.86282,116.34239,39.86393
116.30934,39.86582,116.44465,39.85714
116.35801,39.86736,116.35755,39.88008
116.35789,39.86398,116.35699,39.86395
116.35781,39.87382,116.35779,39.86743
116.3592,39.86773,116.35844,39.8611
116.36048,39.8691,116.35828,39.86686
116.32349,39.87157,116.40205,39.85464
116.33037,39.86677,116.4079,39.85518
116.3585,39.86412,116.35821,39.86435
116.34082,39.8419,116.36996,39.90905
116.35805,39.8657,116.35774,39.88507
116.35204,39.87228,116.34556,39.86845
116.36826,39.87357,116.31329,39.84679
116.35794,39.87211,116.35788,39.87307
116.3627,39.86919,116.35518,39.86525
116.35797,39.87146,116.3578,39.87448
116.34787,39.86895,116.35204,39.87228
116.39479,39.85485,116.26162,39.9062
116.32043,39.8805,116.42179,39.86013
116.37216,39.86994,116.33657,39.86696
116.36514,39.84474,116.33321,39.89639
116.31581,39.84667,116.41613,39.90205
116.3557,39.87312,116.35547,39.87537
116.34747,39.87628,116.3582,39.86631
116.37968,39.85691,116.3226,39.89212
116.34821,39.86233,116.35249,39.86776
116.34821,39.86233,116.35249,39.86776
116.35786,39.87587,116.35816,39.86745
116.33623,39.87209,116.37244,39.86078
116.36895,39.86298,116.31254,39.8641
116.33901,39.84971,116.36751,39.89845
116.35397,39.85859,116.35833,39.86769
116.41634,39.86431,116.24443,39.88848
116.31974,39.84644,116.41235,39.89575
116.35965,39.86407,116.35965,39.86408
116.35734,39.88538,116.36302,39.81986
116.34814,39.86693,116.34818,39.86636
116.35782,39.87568,116.35795,39.86911
116.34767,39.888,116.35293,39.8399
116.36531,39.86159,116.34836,39.86833
116.35835,39.86255,116.35842,39.86267
116.35573,39.8715,116.35762,39.87972
116.36804,39.86991,116.34285,39.87657
116.36455,39.87944,116.3542,39.84801
116.35788,39.87283,116.32995,39.8669
116.3578,39.87448,116.35794,39.87211
116.35867,39.8626,116.35852,39.86264
116.33728,39.85442,116.39433,39.87549
116.35833,39.8651,116.3586,39.85715
116.36186,39.86404,116.35817,39.86728
116.30929,39.86676,116.46181,39.85908
116.3484,39.86399,116.34759,39.88199
116.35292,39.86851,116.34723,39.88397
116.34818,39.86636,116.38093,39.85592
116.35807,39.86879,116.3678,39.86525
116.36801,39.86788,116.33645,39.88635
116.35821,39.86732,116.3677,39.86864
116.33656,39.88213,116.40277,39.85587
116.36211,39.87053,116.35824,39.87093
116.35356,39.86986,116.34067,39.85074
116.35779,39.86743,116.34173,39.84885
116.35125,39.85215,116.37855,39.88763
116.35121,39.87674,116.34236,39.85965
116.33813,39.85759,116.40572,39.89892
116.36825,39.86897,116.34806,39.86847
116.35566,39.85253,116.33406,39.88765
116.35278,39.86849,116.35273,39.88732
116.35774,39.88507,116.34105,39.85363
116.35773,39.86533,116.3553,39.85289
116.34776,39.87115,116.34797,39.86864
116.35966,39.85436,116.3477,39.87365
116.34687,39.87925,116.38082,39.86387
116.33852,39.84655,116.36787,39.89954
116.34236,39.85965,116.35772,39.87923
116.35783,39.87498,116.36718,39.86415
116.34806,39.86847,116.34764,39.87605
116.35845,39.86524,116.36531,39.86159
116.35697,39.89788,116.33258,39.82175
116.36056,39.86403,116.36442,39.87714
116.3576,39.87452,116.35768,39.87459
116.34767,39.87263,116.34798,39.86695
116.35829,39.86512,116.36706,39.86424
116.35862,39.86904,116.36825,39.86897
116.36923,39.86327,116.32264,39.89923
116.32216,39.88324,116.44013,39.84562
116.35795,39.86911,116.35728,39.88584
116.35757,39.87938,116.363,39.86226
116.35389,39.86523,116.37685,39.88172
116.36551,39.86856,116.31705,39.88314
116.36397,39.86849,116.35848,39.86526
116.35804,39.87029,116.36061,39.88188
116.35965,39.86408,116.35852,39.8576
116.3584,39.86366,116.35861,39.85667
116.36173,39.86408,116.35844,39.8613
116.36215,39.86312,116.36251,39.87701
116.36746,39.8771,116.33469,39.87198
116.36428,39.86836,116.35829,39.86512
116.3784,39.86936,116.31164,39.88779
116.35205,39.87204,116.34687,39.87925
116.35817,39.86728,116.35725,39.89028
116.35933,39.86616,116.36824,39.86922
116.39347,39.86044,116.27468,39.90621
116.3615,39.87432,116.3581,39.87094
116.30103,39.88059,116.4481,39.82275
116.33802,39.85622,116.36802,39.90515
116.39103,39.85776,116.30424,39.89596
116.35774,39.87523,116.35773,39.87526
116.31464,39.88168,116.41409,39.8534
116.3542,39.84801,116.37826,39.9006
116.36904,39.86333,116.34008,39.89641
116.36809,39.8666,116.30481,39.87943
116.34167,39.84961,116.35756,39.91326
116.34826,39.86826,116.34427,39.87571
116.30701,39.86589,116.46368,39.89181
116.36774,39.86432,116.31393,39.89494
116.33833,39.8549,116.36321,39.88785
116.33557,39.86674,116.36803,39.86744
116.37036,39.84947,116.33655,39.88425
116.34826,39.86377,116.34821,39.86027
116.35839,39.86178,116.35855,39.8584
116.3741,39.84915,116.34008,39.90679
116.36523,39.86404,116.35786,39.87601
116.34278,39.87544,116.37441,39.87753
116.36245,39.87442,116.35802,39.87088
116.38782,39.85637,116.26788,39.90622
116.34246,39.86435,116.35723,39.88828
116.34556,39.86845,116.34784,39.87237
116.34717,39.8764,116.34818,39.8649
116.3477,39.87365,116.39342,39.8593
116.35354,39.86698,116.3806,39.86161
116.37749,39.85546,116.33387,39.8964
116.34999,39.86662,116.37839,39.89125
116.38055,39.85658,116.28894,39.91214
116.35789,39.87296,116.35759,39.88137
116.36805,39.86575,116.30441,39.88317
116.35096,39.87563,116.35099,39.87566
116.35099,39.87566,116.35096,39.87563
116.38687,39.87012,116.31532,39.86675
116.35313,39.84596,116.33611,39.89729
116.37852,39.88533,116.30907,39.85871
116.33828,39.85499,116.36801,39.87625
116.36549,39.87434,116.30959,39.86679
116.35457,39.84684,116.33671,39.89115
116.35303,39.8779,116.34783,39.87192
116.36099,39.86835,116.36775,39.86757
116.31294,39.86679,116.41224,39.86402
116.35786,39.87601,116.37156,39.863
116.36198,39.86542,116.36513,39.86619
116.36072,39.86681,116.36781,39.86375
116.3578,39.8761,116.35785,39.87606
116.34188,39.86028,116.35726,39.89714
116.34905,39.86092,116.34906,39.86093
116.34162,39.85893,116.36058,39.86795
116.36115,39.86407,116.3638,39.86115
116.34276,39.87663,116.38133,39.87701
116.33844,39.85512,116.3612,39.88473
116.32816,39.87813,116.38066,39.85218
116.32985,39.82161,116.42938,39.95129
116.33523,39.87605,116.41125,39.87184
116.36223,39.86299,116.36223,39.86298
116.36223,39.86298,116.36229,39.86302
116.388,39.85542,116.31505,39.89199
116.36334,39.86537,116.36337,39.86531
116.35844,39.8611,116.35991,39.85731
116.36776,39.86379,116.3538,39.86551
116.34383,39.87625,116.35782,39.87232
116.36229,39.86302,116.33528,39.84998
116.35861,39.85667,116.35833,39.8651
116.35278,39.87651,116.34591,39.87583
116.35819,39.86696,116.36806,39.88843
116.35109,39.85923,116.35107,39.85924
116.34737,39.88105,116.35389,39.86523
116.34751,39.87706,116.35779,39.87551
116.33893,39.86678,116.35763,39.86934
116.34182,39.86024,116.38674,39.85591
116.3426,39.8487,116.35024,39.90762
116.37177,39.86054,116.34447,39.89674
116.34096,39.8566,116.37576,39.91809
116.34831,39.86522,116.3419,39.86017
116.37911,39.85002,116.27734,39.89976
116.3654,39.86605,116.3572,39.88639
116.34754,39.86657,116.34204,39.85978
116.39406,39.84417,116.30389,39.91203
116.34696,39.88837,116.39437,39.84183
116.37372,39.87745,116.32644,39.87586
116.36149,39.87464,116.36153,39.87447
116.36222,39.86667,116.36796,39.86682
116.32677,39.86684,116.38803,39.88897
116.36511,39.86618,116.36198,39.86542
116.3575,39.88134,116.35356,39.86986
116.34068,39.87352,116.36805,39.88233
116.3383,39.85765,116.35757,39.88681
116.3526,39.87661,116.35296,39.87949
116.35791,39.87287,116.3593,39.88515
116.35081,39.88416,116.35828,39.86475
116.36039,39.86913,116.37216,39.86994
116.31447,39.88768,116.43165,39.85787
116.31762,39.85005,116.45575,39.89206
116.3542,39.84801,116.36455,39.87944
116.36808,39.88228,116.34818,39.86094
116.36907,39.88799,116.33828,39.85499
116.36724,39.86859,116.35933,39.86616
116.38439,39.83088,116.31451,39.96514
116.3482,39.8581,116.34828,39.86344
116.36773,39.86865,116.35854,39.86271
116.3439,39.88179,116.35825,39.86525
116.30952,39.86595,116.41493,39.88004
116.35763,39.87919,116.35783,39.87476
116.34486,39.86501,116.34548,39.86132
116.37534,39.86525,116.34284,39.8651
116.37534,39.86525,116.34297,39.8652
116.3806,39.83369,116.28873,39.9083
116.34362,39.89997,116.37919,39.83489
116.35677,39.85772,116.35679,39.85771
116.31979,39.87151,116.39371,39.86885
116.35785,39.86534,116.31636,39.87433
116.34497,39.86739,116.34277,39.87556
116.34753,39.87885,116.34244,39.86384
116.36251,39.87701,116.35783,39.87498
116.3622,39.86471,116.36895,39.86298
116.35258,39.87652,116.37578,39.87744
116.36513,39.86619,116.365,39.86622
116.35772,39.87923,116.35786,39.87587
116.36779,39.86394,116.35828,39.8649
116.33657,39.86696,116.35831,39.869
116.3529,39.87652,116.3757,39.87741
116.3651,39.85046,116.35952,39.88394
116.34846,39.86122,116.34293,39.8595
116.35784,39.87467,116.36834,39.87932
116.34579,39.88377,116.33983,39.83848
116.34785,39.86657,116.33809,39.85778
116.35202,39.86682,116.33771,39.84605
117.81972,30.92732,117.81995,30.92705
117.18731,34.25135,117.18566,34.25864
117.1785,34.25222,117.18024,34.25783
117.18566,34.25864,117.1785,34.25222
114.20334,30.63904,114.20102,30.64144
114.20327,30.63437,114.20334,30.63904
114.20102,30.64144,114.20236,30.6396
120.19643,35.95773,120.18247,35.95413
120.29687,36.06659,120.2987,36.06577
120.39731,36.06621,120.39591,36.06511
120.35289,36.08589,120.36806,36.09066
120.39591,36.06511,120.37473,36.09579
120.37418,36.09564,120.39731,36.06621
120.38278,36.09506,120.37255,36.08679
120.40068,36.05674,120.46945,36.10594
120.36936,36.09744,120.36921,36.09768
120.36936,36.09744,120.36921,36.09768
120.36936,36.09744,120.36921,36.09768
120.36936,36.09744,120.36921,36.09768
120.36936,36.09744,120.36921,36.09768
120.36935,36.09745,120.36921,36.09768
120.36935,36.09745,120.36921,36.09768
120.36921,36.09768,120.36936,36.09744
120.36921,36.09768,120.36936,36.09744
120.36921,36.09768,120.36936,36.09744
120.36921,36.09768,120.36936,36.09744
120.36921,36.09768,120.36936,36.09744
120.36921,36.09768,120.36935,36.09745
120.36921,36.09768,120.36918,36.09777
120.36918,36.09777,120.36921,36.09768
120.37416,36.09566,120.37418,36.09564
120.37473,36.09579,120.37449,36.09501
120.39419,36.06417,120.46945,36.10594
120.39419,36.06417,120.46945,36.10594
120.46945,36.10594,120.40068,36.05674
120.46945,36.10594,120.39419,36.06417
120.46945,36.10594,120.39419,36.06417
120.39516,36.06492,120.38739,36.24263
120.38632,36.26938,120.39516,36.06492
120.38739,36.24263,120.46945,36.10594
118.10278,24.46165,118.10433,24.46151
118.10433,24.46151,118.10466,24.46135
118.10433,24.4614,118.10373,24.46145
118.10426,24.46143,118.10424,24.46125
118.10424,24.46125,118.10278,24.46165
118.10427,24.46131,118.10442,24.46138
118.10373,24.46145,118.10442,24.46113
118.10442,24.46138,118.10436,24.46113
118.10442,24.46113,118.10426,24.46143
118.10436,24.46113,118.10433,24.4614
118.10466,24.46135,118.09001,24.45852
112.99903,25.29181,113.10518,25.08899
113.10518,25.08899,112.99903,25.29181
113.10533,25.08887,113.10518,25.08899
114.00377,22.65617,114.02606,22.63585
114.10476,22.56106,114.10519,22.56122
114.10115,22.55802,114.10476,22.56106
114.10385,22.55701,114.10115,22.55802
114.00518,22.5365,113.92061,22.54321
116.27509,39.95303,116.38969,39.93867
116.31089,39.94971,116.31871,39.94436
116.31622,39.94731,116.3083,39.94973
116.2928,39.94476,116.35522,39.95387
116.31137,39.93812,116.31661,39.96604
116.31129,39.9752,116.31638,39.89524
116.29911,39.94263,116.34001,39.9569
116.31247,39.9471,116.31371,39.94702
116.33126,39.99163,116.27711,39.85777
116.29832,39.94313,116.34194,39.95468
116.31866,39.94444,116.30368,39.9517
116.31704,39.94514,116.30579,39.94987
116.31696,39.95558,116.30417,39.93623
116.31642,39.94727,116.31079,39.9491
116.31792,39.94628,116.30384,39.94667
116.31898,39.94403,116.30174,39.96158
116.3102,39.95035,116.31429,39.9471
116.31802,39.9474,116.30893,39.94652
116.31718,39.9473,116.31114,39.94736
116.31911,39.94036,116.29615,39.95869
116.31472,39.96537,116.30385,39.90981
116.31852,39.94411,116.29587,39.95835
116.3148,39.96529,116.30383,39.90953
116.31134,39.94538,116.31287,39.94712
116.30793,39.94826,116.31642,39.94727
116.30963,39.94675,116.31355,39.94705
116.29374,39.99604,116.35373,39.84451
116.31372,39.95229,116.31106,39.94699
116.30268,39.95943,116.33865,39.93128
116.31124,39.9461,116.31127,39.94609
116.30409,39.98384,116.32787,39.88334
116.34684,39.98887,116.25376,39.8655
116.30127,39.964,116.33112,39.92202
116.31221,39.94455,116.30759,39.95014
116.30988,39.95561,116.32742,39.93669
116.30406,39.90382,116.33697,40.02943
116.31777,39.95055,116.31273,39.9447
116.31199,39.93815,116.31655,39.95845
116.32407,39.94574,116.28268,39.95605
116.31757,39.94732,116.31332,39.9472
116.31273,39.9447,116.31476,39.94487
116.31213,39.94473,116.31397,39.94481
116.31652,39.94508,116.31139,39.9452
116.31506,39.94715,116.31864,39.94632
116.31934,39.93839,116.30205,39.95707
116.31952,39.96618,116.30398,39.90198
116.31344,39.95355,116.3187,39.94481
116.31084,39.94795,116.30761,39.94995
116.31088,39.9505,116.31088,39.95061
116.31084,39.94795,116.30756,39.9499
116.31932,39.93408,116.31043,39.97935
116.30579,39.94987,116.31744,39.94519
116.31634,39.93755,116.31604,39.96415
116.31,39.94457,116.31524,39.94492
116.29255,39.95779,116.34546,39.92214
116.30405,39.93882,116.32053,39.96603
116.31397,39.94479,116.30714,39.94433
116.30381,39.93881,116.32922,39.95568
116.26901,39.92127,116.39148,39.99676
116.31799,39.94936,116.31207,39.9519
116.33789,39.94507,116.26574,39.94262
116.32277,39.93757,116.3028,39.97558
116.31669,39.94514,116.31315,39.94476
116.29195,39.96312,116.34987,39.9275
116.31949,39.9338,116.31125,39.9796
116.31111,39.95115,116.31101,39.95114
116.30443,39.97033,116.34182,39.90125
116.31746,39.9545,116.31285,39.92684
116.31796,39.9474,116.31507,39.94717
116.31088,39.95036,116.31115,39.95315
116.31243,39.95186,116.31326,39.95198
116.31004,39.94684,116.32946,39.95644
116.31181,39.95185,116.31432,39.95206
116.31432,39.95206,116.31243,39.95186
116.31479,39.94489,116.31818,39.94512
116.3099,39.9641,116.33036,39.92162
116.31044,39.92457,116.33044,39.99163
116.31396,39.94479,116.31871,39.94414
116.34674,39.98549,116.25645,39.87947
116.31086,39.95034,116.30735,39.95027
116.31904,39.94323,116.29341,39.96727
116.3189,39.94302,116.31412,39.95555
116.32242,39.93756,116.30211,39.95839
116.31606,39.96314,116.31374,39.92867
116.31421,39.95212,116.31422,39.95209
116.31767,39.95044,116.31328,39.95199
116.3104,39.94459,116.31033,39.94466
116.31033,39.94466,116.31024,39.94462
116.31095,39.95126,116.30776,39.95013
116.31381,39.9447,116.306,39.94266
116.31343,39.93729,116.30246,39.96055
116.31681,39.94547,116.31675,39.94543
116.32884,39.92657,116.2939,39.99605
116.30428,39.94369,116.31746,39.9545
116.32377,39.97958,116.30416,39.8901
116.31466,39.95552,116.3189,39.94302
116.31677,39.95199,116.31387,39.95076
116.31904,39.94163,116.3117,39.95186
116.31865,39.94628,116.31506,39.94715
116.30907,39.9465,116.30757,39.94988
116.28902,39.9959,116.36904,39.86333
116.28217,39.95748,116.36737,39.91751
116.31865,39.94619,116.31505,39.94705
116.29147,39.96478,116.36723,39.92275
116.28339,39.94749,116.35927,39.94523
116.31871,39.94414,116.3104,39.94459
116.30761,39.94995,116.31084,39.94795
116.30757,39.94988,116.31084,39.94795
116.30844,39.95014,116.31036,39.95048
116.32613,39.93713,116.28229,39.95648
116.31117,39.9545,116.31819,39.94878
116.31607,39.95246,116.31109,39.95261
116.31744,39.94519,116.31601,39.94511
116.29909,39.95422,116.32746,39.93136
116.34959,39.96584,116.24688,39.92489
116.33019,39.90254,116.26855,40.02881
116.30229,39.94256,116.32222,39.96608
116.31207,39.9519,116.327,39.93128
116.3024,39.94151,116.34864,39.95663
116.31782,39.94979,116.31792,39.9481
116.30841,39.94661,116.30843,39.94638
116.30843,39.94638,116.30841,39.94661
116.33379,39.93723,116.27844,39.95619
116.31808,39.94645,116.31765,39.95403
116.30842,39.94642,116.30843,39.94638
116.3007,39.96042,116.33399,39.93733
116.31123,39.95355,116.31099,39.95042
116.31844,39.9457,116.31725,39.95447
116.30757,39.95008,116.31086,39.95034
116.31574,39.96434,116.29493,39.92259
116.30169,39.96489,116.3507,39.91652
116.30429,39.94159,116.3168,39.96603
116.3181,39.94743,116.31811,39.94747
116.30384,39.94667,116.32123,39.96133
116.31967,39.93675,116.31059,39.98112
116.30735,39.95027,116.31084,39.94942
116.3342,39.9661,116.28514,39.90626
116.31117,39.95291,116.31107,39.95198
116.31729,39.95518,116.31965,39.93668
116.31944,39.93797,116.31567,39.96875
116.31862,39.94467,116.31396,39.94479
116.31102,39.95244,116.3326,39.93733
116.31522,39.9555,116.31458,39.94714
116.28989,39.95787,116.35861,39.91262
116.32646,39.95083,116.2983,39.93218
116.30344,39.95544,116.3223,39.94471
116.31104,39.9516,116.31112,39.95494
116.31401,39.94469,116.30398,39.94073
116.31115,39.94452,116.3063,39.94353
116.3182,39.94731,116.31801,39.94519
116.31764,39.95048,116.31924,39.93926
116.31801,39.94519,116.31652,39.94508
116.31826,39.94747,116.31727,39.95502
116.31112,39.95191,116.31471,39.95554
116.31837,39.94704,116.31729,39.95536
116.31834,39.94513,116.31591,39.94502
116.30421,39.93902,116.31508,39.96551
116.31823,39.94932,116.31825,39.94926
116.31936,39.93844,116.31044,39.97946
116.30759,39.95001,116.30845,39.94637
116.318,39.95018,116.31924,39.94185
116.31316,39.95199,116.31636,39.95553
116.31754,39.95096,116.31752,39.95097
116.30782,39.94871,116.30782,39.94879
116.31756,39.95097,116.31756,39.95097
116.28075,39.95586,116.37349,39.94764
116.30398,39.93293,116.32042,39.96611
116.28702,39.957,116.35213,39.93921
116.29293,39.94503,116.34653,39.93917
116.31708,39.9564,116.30402,39.94729
116.31774,39.95039,116.31938,39.93804
116.31107,39.95207,116.31113,39.95485
116.3177,39.94505,116.31548,39.96536
116.32889,39.9509,116.28803,39.9571
116.31109,39.95386,116.31309,39.95199
116.31379,39.95352,116.31121,39.95321
116.31524,39.94492,116.31918,39.94117
116.31124,39.9532,116.31289,39.95345
116.30774,39.95,116.31119,39.95444
116.29265,39.94503,116.34584,39.9394
116.3186,39.94417,116.31795,39.95043
116.30911,39.93111,116.31541,39.966
116.31745,39.95176,116.31764,39.95048
116.3099,39.98729,116.32026,39.88593
116.30433,39.94046,116.33492,39.94675
116.31124,39.9532,116.31124,39.9532
116.31121,39.95321,116.31124,39.9532
116.27759,39.94531,116.36833,39.94745
116.31792,39.9481,116.31655,39.9584
116.31748,39.9518,116.31764,39.95091
116.31871,39.94436,116.319,39.95564
116.31809,39.94943,116.31708,39.95497
116.31864,39.94641,116.31863,39.9463
116.31864,39.94632,116.31865,39.94619
116.3184,39.94557,116.3184,39.94557
116.31127,39.94609,116.3138,39.96882
116.30405,39.94646,116.31489,39.94488
116.29232,39.95796,116.33757,39.9316
116.31859,39.9464,116.2973,39.93417
116.31111,39.95304,116.31114,39.95435
116.30246,39.9776,116.31836,39.89601
116.31859,39.94536,116.31549,39.96487
116.31116,39.95261,116.31159,39.95559
116.31363,39.93712,116.29948,39.98226
116.30316,39.95564,116.35007,39.92672
116.29589,39.96645,116.36547,39.91316
116.32742,39.93669,116.28871,39.95289
116.31327,39.95559,116.30774,39.95
116.30843,39.94638,116.32005,39.93314
116.31764,39.95091,116.32196,39.94568
116.31791,39.95213,116.31775,39.95105
116.3061,39.94996,116.32831,39.96215
116.2787,39.93041,116.36524,39.97554
116.31858,39.94519,116.31858,39.9452
116.31268,39.95558,116.33034,39.92431
116.28144,39.92611,116.3946,39.98839
116.31633,39.93117,116.31553,39.96534
116.31146,39.95317,116.31268,39.95558
116.31425,39.93109,116.323,39.96762
116.31289,39.95345,116.31463,39.95553
116.32617,39.95072,116.29287,39.96026
116.31329,39.97043,116.30791,39.88475
116.29912,39.93854,116.34522,39.98518
116.3036,39.95183,116.31384,39.94479
116.31345,39.9372,116.32916,39.96058
116.31618,39.96344,116.31968,39.93099
116.28836,39.9569,116.34377,39.93175
116.31757,39.95367,116.31782,39.94979
116.31775,39.95069,116.30173,39.96136
116.31772,39.95061,116.32075,39.93353
116.31006,39.94439,116.30581,39.94134
116.3197,39.93669,116.31646,39.96058
116.31374,39.93716,116.29576,39.95859
116.31854,39.94413,116.31852,39.94411
116.30443,39.92433,116.34353,39.98006
116.31112,39.95558,116.31114,39.95195
116.31766,39.95183,116.31952,39.92719
116.28207,39.94659,116.356,39.94424
116.3184,39.94736,116.30097,39.96933
116.31875,39.94327,116.32009,39.96618
116.30835,39.96337,116.30396,39.92501
116.32958,39.95396,116.28263,39.95608
116.30296,39.94311,116.33379,39.93723
116.24253,39.94622,116.4341,39.94854
116.30445,39.91222,116.31378,40.03116
116.30334,39.95535,116.33275,39.91268
116.31856,39.94507,116.30256,39.97431
116.31793,39.94825,116.31406,39.96525
116.31422,39.95209,116.32736,39.92683
116.31984,39.9351,116.28569,39.95816
116.30397,39.92987,116.31052,39.98374
116.31772,39.95126,116.31916,39.95565
116.31109,39.95271,116.30536,39.95577
116.30647,39.94995,116.30628,39.94991
116.31119,39.95444,116.31295,39.95559
116.32722,39.99127,116.27117,39.84537
116.37293,39.93157,116.21096,39.99246
116.31883,39.94356,116.31874,39.94433
116.31724,39.95525,116.31801,39.94988
116.30871,39.96309,116.33305,39.93582
116.29356,39.94498,116.33475,39.96607
116.31713,39.95527,116.32613,39.93675
116.30146,39.96389,116.33398,39.93732
116.306,39.94266,116.32635,39.93713
116.30403,39.93443,116.3107,39.98089
116.28211,39.95752,116.36559,39.94802
116.30992,39.94459,116.32641,39.97513
116.27749,39.92042,116.37006,39.98682
116.29037,39.9728,116.34233,39.91251
116.29426,39.96265,116.33654,39.90215
116.30403,39.93036,116.31271,39.97172
116.35008,39.91894,116.24012,39.98417
116.30327,39.94886,116.35409,39.95096
116.31918,39.94117,116.31525,39.94492
116.29594,39.95868,116.35893,39.94514
116.31924,39.94187,116.31695,39.94519
116.30882,39.93569,116.33031,39.95224
116.31032,39.98258,116.30418,39.89523
116.29818,39.94312,116.33442,39.93725
116.32196,39.94568,116.31751,39.95177
116.30898,39.93576,116.33025,39.95206
116.30911,39.93568,116.33022,39.95207
116.30977,39.9908,116.34087,39.85465
116.30368,39.9517,116.30992,39.94459
116.31776,39.94774,116.31923,39.932
116.30255,39.94226,116.33186,39.93697
116.30397,39.94782,116.30891,39.9502
116.31765,39.95403,116.31763,39.95403
116.30714,39.94433,116.30405,39.94646
116.31235,39.95559,116.31413,39.95555
116.30941,39.96376,116.33769,39.93149
116.29405,39.92249,116.33142,39.9874
116.31491,39.95553,116.31184,39.95559
116.31111,39.95556,116.31531,39.95558
116.30364,39.94191,116.33025,39.93715
116.31895,39.93738,116.28222,39.95654
116.31422,39.95555,116.31466,39.95552
116.30237,39.96064,116.34923,39.9405
116.30031,39.97261,116.33785,39.9218
116.30709,39.94444,116.30253,39.96002
103.85876,36.0391,103.85879,36.03909
103.85871,36.03913,103.85876,36.0391
103.85879,36.03909,103.85887,36.03932
103.85871,36.03922,103.85871,36.03913
103.85905,36.0392,103.85897,36.03923
103.85877,36.03926,103.85871,36.03922
103.85897,36.03923,103.85911,36.03927
103.85909,36.03924,103.85894,36.03933
103.85885,36.0393,103.85877,36.03926
103.85894,36.03933,103.85905,36.0392
103.85887,36.03932,103.85909,36.03924
103.85911,36.03927,103.85897,36.03933
103.859,36.03929,103.85899,36.03931
103.85906,36.0393,103.859,36.03929
103.8591,36.03934,103.85906,36.0393
103.85897,36.03933,103.85913,36.03934
103.85862,36.03939,103.8587,36.03933
103.85913,36.03934,103.85862,36.03939
103.85867,36.03938,103.8591,36.03934
103.85869,36.03935,103.85895,36.03943
103.8587,36.03933,103.85895,36.03947
103.85888,36.03942,103.85869,36.03935
103.85891,36.03939,103.85888,36.03942
103.8589,36.03943,103.85891,36.03939
103.85875,36.0395,103.85867,36.03938
103.85895,36.03943,103.85875,36.0395
103.85895,36.03947,103.8589,36.03943
103.25518,25.55772,103.25557,25.56071
116.27749,40.09873,116.292,40.05313
116.28313,40.0872,116.30248,40.07878
116.34695,40.02091,116.1753,40.2275
116.28312,40.08713,116.30974,40.0703
116.29273,40.08482,116.29212,40.08458
116.28423,40.09413,116.30355,40.07967
116.28435,40.09404,116.28431,40.0941
116.30001,40.05064,116.26912,40.12474
116.28406,40.09409,116.28413,40.09413
116.27491,40.11277,116.32441,40.05098
116.27707,40.10333,116.31306,40.07388
116.37115,39.98048,116.10665,40.26152
116.28738,40.09885,116.30374,40.0771
116.3103,40.06901,116.2553,40.1407
116.28392,40.09803,116.29412,40.09021
116.2697,40.10895,116.3103,40.06901
116.28729,40.1019,116.30933,40.07191
116.26214,40.1243,116.3326,40.04092
116.28304,40.09779,116.28423,40.09413
116.29917,40.08894,116.29243,40.09359
116.29456,40.08898,116.30307,40.09088
116.28267,40.09784,116.28268,40.09783
116.27756,40.10883,116.30411,40.07656
116.28431,40.0941,116.32764,40.0769
116.28218,40.09884,116.28267,40.09784
116.29936,40.08927,116.29853,40.09091
116.28053,40.09751,116.27749,40.09873
116.34208,40.07422,116.21629,40.11578
116.28294,40.14414,116.31293,40.0053
116.29291,40.09344,116.31677,40.07502
116.28114,40.10036,116.28218,40.09884
116.30265,40.08092,116.2507,40.04168
116.26904,40.10896,116.32396,39.98444
116.30974,40.0703,116.28313,40.0872
116.28831,40.09924,116.3298,40.03532
116.28057,40.06537,116.27798,40.07011
116.36668,40.05548,116.16342,40.17834
116.26205,40.13084,116.32869,40.04629
116.30384,40.07703,116.29883,40.07542
116.29736,40.08765,116.31713,40.07593
116.28268,40.09783,116.26971,40.10893
116.28338,40.0669,116.28288,40.06305
116.29669,40.08343,116.30876,40.05326
116.30089,40.0737,116.30057,40.07299
116.30745,40.07209,116.29456,40.08898
116.30037,40.07264,116.30028,40.0725
116.29831,40.08649,116.31544,40.09025
116.30057,40.07299,116.30359,40.07701
116.3008,40.07252,116.30037,40.07264
116.30372,40.07714,116.30095,40.07358
116.30684,40.07417,116.29669,40.08343
116.30355,40.07967,116.3047,40.07584
116.30028,40.0725,116.30625,40.07851
116.30359,40.07701,116.30372,40.07714
116.26163,40.07791,116.33331,40.03687
116.2829,40.06303,116.28338,40.0669
116.29131,40.0938,116.26214,40.1243
116.27835,40.07022,116.29854,40.05198
116.31603,40.07451,116.28312,40.08713
116.30447,40.07629,116.30405,40.07679
116.30625,40.07851,116.30065,40.07233
116.27798,40.07011,116.30013,40.05087
116.29351,40.06527,116.29351,40.06527
116.29351,40.06527,116.29351,40.06527
116.29351,40.06527,116.29351,40.06527
116.29351,40.06527,116.29351,40.06527
116.292,40.05313,116.26524,40.08492
116.2633,40.0748,116.28071,40.06472
116.27717,40.10326,116.27713,40.10328
116.27713,40.10328,116.27717,40.10326
116.27717,40.10326,116.27707,40.10333
116.29351,40.06527,116.29299,40.06465
116.27715,40.10326,116.27672,40.10328
116.29351,40.06527,116.29282,40.06444
116.32869,40.04629,116.23406,40.21162
116.27672,40.10328,116.27717,40.10326
116.27717,40.10326,116.27706,40.10368
116.29299,40.06465,116.29351,40.06527
116.28239,40.06345,116.27978,40.06421
116.25611,40.13925,116.32982,40.03541
116.29282,40.06444,116.29351,40.06527
116.27706,40.10368,116.27717,40.10326
116.283,40.06289,116.28239,40.06345
116.28292,40.06302,116.2829,40.06303
116.28298,40.06291,116.28299,40.0629
116.27717,40.10326,116.2817,40.10846
116.30065,40.07233,116.31313,40.07395
116.31402,40.0764,116.28427,40.06057
116.30534,40.07509,116.30745,40.07209
116.26556,40.07072,116.26451,40.07775
116.26454,40.07588,116.26278,40.07535
116.29846,40.05205,116.27901,40.08228
116.2817,40.10846,116.27715,40.10326
116.30411,40.07656,116.31248,40.07369
116.28442,40.06029,116.28417,40.061
116.26772,40.06685,116.26294,40.07562
116.30511,40.07768,116.31296,40.07007
116.3084,40.09159,116.30847,40.09166
116.30846,40.09164,116.30839,40.09161
116.37308,39.95179,116.06641,40.29076
116.25986,40.08095,116.26364,40.08451
116.30948,40.07264,116.30369,40.07717
116.30683,40.0732,116.30724,40.07229
116.28288,40.06305,116.28987,40.05272
116.28299,40.063,116.28987,40.05272
116.30465,40.07593,116.31288,40.06631
116.30518,40.07592,116.30612,40.05695
116.28676,40.10198,116.32157,40.11292
116.25696,40.13735,116.26791,39.96716
116.26278,40.07535,116.26804,40.05999
116.283,40.06289,116.29875,40.052
116.30005,40.05074,116.26491,40.07601
116.28543,40.05699,116.28299,40.063
116.30724,40.07229,116.30861,40.07245
116.30241,40.09058,116.32591,40.05613
116.27901,40.08228,116.34586,40.02861
116.32768,40.07577,116.27717,40.10326
116.27978,40.06421,116.29308,40.04744
116.31001,40.07494,116.30702,40.07296
116.30809,40.06684,116.30511,40.07768
116.24758,40.15337,116.34601,40.0218
116.30635,40.07431,116.31212,40.0673
116.26804,40.05999,116.28057,40.06537
116.30724,40.07268,116.31332,40.07392
116.30268,40.07906,116.32029,40.0563
116.30612,40.05695,116.30846,40.09164
116.25763,40.08557,116.26037,40.08598
116.26477,40.07189,116.26494,40.05697
116.31313,40.07395,116.30619,40.07854
116.28418,40.06094,116.27947,40.05049
116.31512,40.10092,116.26239,40.12364
116.3075,40.07232,116.31603,40.07451
116.31067,40.06865,116.30635,40.07431
116.28358,40.06224,116.3087,40.04779
116.2893,40.06921,116.30795,40.03699
116.30861,40.07245,116.31275,40.06884
116.30016,40.0509,116.27835,40.07022
116.31045,40.07306,116.31265,40.07379
116.31036,40.07085,116.31646,40.08821
116.2604,40.05061,116.33683,40.06696
116.31633,40.07468,116.30384,40.07703
116.29171,40.05194,116.28097,40.0646
116.30106,40.11099,116.33033,40.06868
116.32263,40.0771,116.28294,40.14414
116.28987,40.05272,116.28358,40.06224
116.30208,40.05629,116.28414,40.06098
116.30957,40.07274,116.30623,40.05696
116.31296,40.07007,116.30683,40.0732
116.31358,40.07866,116.31371,40.07869
116.31374,40.07869,116.31358,40.07866
116.31371,40.07867,116.31377,40.07866
116.31581,40.0747,116.30612,40.07397
116.31377,40.07866,116.31375,40.0787
116.30829,40.0662,116.30809,40.06684
116.31248,40.07369,116.31252,40.07371
116.30993,40.06843,116.31283,40.0738
116.31371,40.07869,116.315,40.08105
116.31378,40.07871,116.31493,40.081
116.26975,40.10896,116.2697,40.10895
116.27426,40.06223,116.30334,40.04058
116.26971,40.10896,116.26975,40.10896
116.26976,40.10898,116.26971,40.10896
116.31019,40.07291,116.31755,40.07493
116.31008,40.06836,116.30993,40.06843
116.31283,40.0738,116.31268,40.07375
116.26971,40.10893,116.26904,40.10896
116.31114,40.0702,116.31571,40.07901
116.315,40.08101,116.31374,40.07869
116.31506,40.08114,116.31371,40.07867
116.31503,40.08105,116.31378,40.07871
116.31619,40.07008,116.30465,40.07593
116.31493,40.081,116.31506,40.08114
116.315,40.08105,116.31503,40.08105
116.31288,40.06631,116.30713,40.07366
116.31077,40.0686,116.31425,40.07416
116.31187,40.07015,116.31182,40.07015
116.32655,40.08182,116.29291,40.09344
116.31555,40.07926,116.31426,40.08251
116.29883,40.07542,116.34702,40.08551
116.29355,40.04763,116.26772,40.06685
116.30095,40.07358,116.34259,40.08526
116.29351,40.06527,116.35061,40.08238
116.31533,40.07993,116.31343,40.07013
116.26494,40.05697,116.26474,40.07184
116.31592,40.07882,116.3151,40.1011
116.27482,40.1128,116.27491,40.11277
116.28707,40.05201,116.28543,40.05699
116.31257,40.07373,116.31874,40.07829
116.31728,40.0902,116.31319,40.08102
116.42767,39.96814,116.08314,40.27528
116.26192,40.12751,116.31755,40.0887
116.31592,40.07873,116.31299,40.07006
116.31427,40.07423,116.31515,40.07454
116.30106,40.11099,116.30106,40.11099
116.30106,40.11099,116.30106,40.11099
116.30106,40.11099,116.30106,40.11099
116.30106,40.11099,116.30106,40.11099
116.31307,40.07006,116.31628,40.0777
116.30992,40.07011,116.31555,40.0631
116.31563,40.07955,116.31633,40.07468
116.31348,40.07007,116.31335,40.07004
116.31331,40.0688,116.31262,40.07005
116.31397,40.07006,116.31281,40.06993
